669089
669110
669139
669145
669511
674515
675167
677835
678962
680929
681896
685534
688361
690160
690235
691600
693186
696387
700916
703302
703692
704054
706319
706942
707850
708737
708950
710526
712793
717048
720038
722020
723697
731651
731943
731947
732709
732883
732899
732924
732934
734640
737426
737632
739871
740744
741829
744961
746288
750087
755023
755083
757387
757787
761525
764715
772493
772609
773031
781902
784788
785009
785023
785343
785885
786335
786831
787993
788297
789827
795143
795193
796673
796766
798994
800366
800587
801042
801631
806848
807076
808126
810221
812357
812359
818127
818304
819030
822153
822364
823430
825379
825504
830232
830385
834140
834427
836160
836837
838572
838573
838575
840472
859184
862266
862323
865848
873575
874948
875250
875281
878748
878941
882760
885529
887645
890706
892818
894725
895119
895600
897254
898844
899436
899890
901908
903277
904387
905644
906294
909022
909171
912855
913973
913974
915020
920094
924408
930372
932990
936115
936117
936119
936121
936123
936126
936789
937288
939982
943960
943986
944523
944704
945559
949909
950055
950614
952730
953745
957618
957753
957775
958422
959640
960496
960895
960908
961297
961571
962345
963374
968492
973048
977974
984274
985432
986997
993318
1002854
1004736
1005165
1006863
1006930
1007058
1007137
1008214
1008266
1012616
1014816
1014913
1020072
1021919
1022120
1022782
1025250
1026758
1028052
1031218
1034760
1037755
1038613
1038913
1042935
1043406
1043991
1047313
1049094
1049097
1050332
1051034
1052177
1052210
1054389
1058021
1059298
1061238
1062309
1062350
1062730
1063712
1064290
1066258
1070095
1072388
1072746
1073588
1073696
1074509
1074512
1075488
1075537
1076287
1076296
1078763
1079013
1079535
1079538
1080361
1082616
1083868
1090491
1092763
1093152
1093210
1093235
1093344
1094994
1096356
1096622
1098029
1098397
1101050
1101927
1102148
1106125
1106422
1106425
1106426
1107143
1109065
1109628
1110380
1111329
1111600
1114661
1115628
1116127
1116879
1120222
1122708
1122958
1123193
1124161
1125159
1126557
1130890
1131268
1131823
1131843
1131878
1131957
1131977
1132000
1132027
1132210
1132226
1133666
1134750
1135546
1138269
1139942
1139957
1140163
1144022
1146082
1146136
1146139
1146142
1146151
1146379
1146720
1147411
1148227
1148584
1148920
1149293
1150180
1150693
1151343
1153962
1157197
1159463
1160024
1161231
1161242
1161894
1164817
1166985
1169994
1170885
1171358
1172621
1173109
1175173
1177419
1178920
1180034
1180256
1181980
1183538
1186833
1188065
1191085
1193374
1194187
1194492
1196209
1196478
1198420
1198686
1199276
1203090
1207341
1207604
1208180
1209810
1212095
1212400
1213824
1215815
1217645
1218815
1218875
1219835
1220327
1226720
1229741
1229746
1230473
1231965
1234875
1235965
1236516
1237041
1238133
1238881
1240611
1244024
1245224
1245831
1247809
1247864
1248607
1248810
1249082
1250579
1251321
1251641
1251922
1251924
1255337
1255723
1256403
1257110
1258529
1259020
1260503
1261367
1263636
1264927
1265582
1266916
1269829
